4403
3494
906
4938
4645
8058
5796
4405
3624
3629
4860
6009
8461
6111
7436
218
9166
783
3516
526
7883
5497
4639
1103
8251
9297
3756
322
9462
2810
3280
4421
3587
2367
5503
6853
9630
4753
9019
8974
6813
2665
2217
5839
8118
5991
6177
102
6063
9759
7168
4328
1788
4957
4158
4855
3029
4352
2758
7280
3319
1855
9419
4008
1056
1617
4484
3294
6795
1644
649
3555
3732
4047
3568
6612
5201
21
3105
2262
182
1996
1227
3887
7207
4657
4322
5876
9537
3074
4972
8688
2309
2434
2893
8297
7579
6946
2962
8330
7872
7889
2352
3486
2020
6752
4318
2501
2723
7133
8292
5037
770
7996
4811
5093
639
4179
5208
5150
1175
6950
6427
105
4428
6203
7135
1735
