0 9335
0 9330
0 7823
0 1598
0 3520
0 4381
0 1899
0 8298
0 3830
0 6389
0 7897
0 9327
0 117
0 6551
0 3762
0 2691
0 8137
0 9486
0 9532
0 4083
0 569
0 5194
0 4023
0 3330
0 2483
0 5360
0 5887
0 9133
0 5674
0 4414
0 8897
0 7331
0 2057
0 9050
0 8553
0 717
0 5433
0 9316
0 7396
0 8936
0 9066
0 432
0 5662
0 431
0 6094
0 3868
0 4164
0 9073
0 8526
0 2263
0 1970
0 3826
0 1283
0 3959
0 6084
0 1612
0 6727
0 688
0 2934
0 2515
0 9475
0 3224
0 8652
0 4615
0 1380
0 6556
0 1610
0 1174
0 4089
0 4146
0 5588
0 9941
0 8096
0 4483
0 8125
0 8463
0 897
0 4
0 1074
0 3370
0 5276
0 1635
0 5945
0 6286
0 6335
0 1124
0 4509
0 7452
0 487
0 2310
0 9033
0 6558
0 949
0 8786
0 1309
0 5062
0 6354
0 7932
0 3616
0 5340
1 2958
1 7679
1 7377
1 2766
1 3823
1 7760
1 7444
1 2954
1 6785
1 371
1 6663
1 1348
1 5247
1 2180
1 9976
1 8189
1 2869
1 5576
1 8589
1 4534
1 4132
1 4254
1 7096
1 2296
1 899
1 1102
1 5328
1 3422
1 6240
1 1324
1 9459
1 4854
1 228
1 5989
1 1512
1 3018
1 696
1 1366
1 7306
1 9024
1 2074
1 6107
1 9550
1 7751
1 8231
1 6512
1 8340
1 1030
1 7870
1 2821
1 22
1 3016
1 7972
1 200
1 4277
1 4984
1 5106
1 6696
1 2259
1 5578
1 3287
1 5213
1 3179
1 9383
1 2064
1 7542
1 9798
1 3439
1 8746
1 341
1 4265
1 14
1 2726
1 16
1 3590
1 9051
1 3919
1 4130
1 5877
1 4617
1 1955
1 5153
1 425
1 8947
1 2158
1 5522
1 6160
1 5408
1 6974
1 1720
1 956
1 8691
1 4510
1 8054
1 8675
1 2389
1 1296
1 6771
1 1315
1 7432
2 8339
2 389
2 8980
2 7160
2 2922
2 4169
2 376
2 827
2 778
2 9720
2 7804
2 9329
2 6827
2 1066
2 4897
2 8762
2 7332
2 5218
2 4627
2 1358
2 768
2 434
2 6531
2 3107
2 1160
2 6927
2 8061
2 3191
2 4989
2 9400
2 6514
2 1338
2 7568
2 9727
2 4825
2 523
2 9696
2 1668
2 5366
2 7453
2 1054
2 2858
2 4210
2 8313
2 5731
2 6944
2 2119
2 363
2 2843
2 4527
2 2026
2 3023
2 7509
2 3460
2 4981
2 1750
2 8259
2 2503
2 1036
2 5639
2 700
2 8381
2 7485
2 7770
2 3669
2 7550
2 1085
2 381
2 6235
2 6306
2 7626
2 9284
2 3982
2 6434
2 7978
2 8978
2 4763
2 5381
2 3317
2 7226
2 7388
2 4225
2 9841
2 7531
2 3569
2 7537
2 4555
2 6278
2 9079
2 4406
2 6274
2 6909
2 5483
2 632
2 3445
2 2322
2 6304
2 1931
2 5272
2 5361
3 70
3 8750
3 9105
3 3459
3 51
3 8968
3 7098
3 9341
3 3142
3 1209
3 6572
3 8387
3 3693
3 5321
3 9099
3 6539
3 8850
3 9735
3 914
3 2396
3 645
3 6115
3 1747
3 1533
3 5146
3 6899
3 1356
3 7899
3 1800
3 1226
3 9799
3 2052
3 2354
3 3737
3 7398
3 477
3 653
3 6902
3 4720
3 8787
3 1774
3 5245
3 6589
3 4088
3 2224
3 7501
3 9147
3 1057
3 7609
3 8796
3 1990
3 4415
3 43
3 4315
3 4634
3 9918
3 8784
3 1884
3 3574
3 2313
3 6048
3 8161
3 4397
3 5680
3 1387
3 4866
3 2826
3 979
3 1211
3 9035
3 1365
3 4433
3 5012
3 9625
3 7428
3 2432
3 9189
3 2451
3 9688
3 6353
3 4187
3 4669
3 107
3 5172
3 6122
3 6796
3 8801
3 6782
3 589
3 8823
3 997
3 6866
3 9117
3 2820
3 3844
3 6227
3 1017
3 7292
3 6192
3 2879
4 7712
4 8081
4 3373
4 9174
4 9106
4 4713
4 8312
4 8225
4 7164
4 274
4 7723
4 9473
4 3995
4 8492
4 1010
4 5298
4 5420
4 4789
4 3974
4 39
4 9267
4 7562
4 7454
4 2305
4 6173
4 3067
4 5653
4 5198
4 524
4 5156
4 7641
4 7995
4 1319
4 9938
4 8065
4 9347
4 2566
4 4672
4 6411
4 6046
4 9514
4 7533
4 8896
4 8971
4 4613
4 6405
4 8009
4 7690
4 8986
4 3388
4 9826
4 5716
4 4477
4 5277
4 1413
4 6571
4 4601
4 9926
4 2084
4 2042
4 8246
4 2210
4 8773
4 9719
4 2333
4 2444
4 5180
4 4286
4 7015
4 4026
4 2521
4 5802
4 4550
4 5517
4 2507
4 1711
4 8221
4 7945
4 9758
4 4859
4 1697
4 9779
4 132
4 7271
4 6570
4 8674
4 5376
4 8958
4 4797
4 2338
4 5112
4 6668
4 3
4 1909
4 5554
4 5648
4 3670
4 2349
4 5769
4 513
5 9702
5 2773
5 1261
5 1468
5 402
5 7677
5 7358
5 5544
5 3692
5 2476
5 2674
5 8000
5 2661
5 5464
5 6357
5 742
5 2574
5 2148
5 3070
5 9615
5 8155
5 4635
5 1815
5 1679
5 2241
5 4460
5 7189
5 559
5 6431
5 2431
5 9307
5 2363
5 8062
5 8645
5 1521
5 7373
5 5678
5 4215
5 5579
5 130
5 1785
5 7221
5 5889
5 3134
5 7410
5 1240
5 730
5 968
5 8376
5 5917
5 7815
5 5395
5 6284
5 3886
5 6102
5 2166
5 308
5 9724
5 6865
5 326
5 8583
5 1790
5 981
5 3792
5 7475
5 9395
5 8099
5 284
5 6630
5 6901
5 1947
5 2982
5 4104
5 2906
5 3601
5 1178
5 6334
5 7734
5 1027
5 2787
5 9919
5 9592
5 8754
5 2121
5 2169
5 9356
5 4441
5 8738
5 135
5 1953
5 1180
5 1250
5 74
5 6844
5 6886
5 3188
5 2547
5 818
5 715
5 9648
6 932
6 83
6 2292
6 7391
6 7921
6 5852
6 6207
6 8322
6 1141
6 5604
6 8123
6 8852
6 4849
6 6297
6 844
6 1525
6 1300
6 2205
6 386
6 412
6 1376
6 5930
6 8482
6 3071
6 2606
6 733
6 7187
6 3985
6 1783
6 5450
6 4757
6 9306
6 211
6 6071
6 7584
6 312
6 4994
6 6545
6 2388
6 6027
6 4782
6 3367
6 2080
6 7837
6 1859
6 3145
6 2077
6 2975
6 3034
6 9669
6 6600
6 452
6 8153
6 6655
6 6142
6 898
6 7300
6 7026
6 2391
6 1372
6 2724
6 9063
6 6708
6 3829
6 5617
6 7254
6 1437
6 4418
6 3042
6 7644
6 7020
6 9309
6 2985
6 6079
6 8445
6 1018
6 7106
6 5330
6 205
6 3565
6 6647
6 4945
6 8774
6 25
6 7198
6 8088
6 7048
6 6340
6 1222
6 5526
6 3041
6 3788
6 7825
6 281
6 3476
6 6680
6 9717
6 4015
6 5130
6 9825
7 5079
7 8456
7 978
7 4147
7 6712
7 3322
7 8727
7 3171
7 2125
7 4408
7 1938
7 235
7 8921
7 9950
7 7181
7 7286
7 1693
7 4170
7 5831
7 2317
7 801
7 3588
7 7163
7 9219
7 6068
7 3647
7 2636
7 3421
7 5231
7 1483
7 5089
7 4985
7 8243
7 9090
7 6582
7 8331
7 7884
7 9328
7 9992
7 8890
7 4123
7 1912
7 3038
7 2997
7 6090
7 4522
7 9378
7 9489
7 5020
7 2257
7 5239
7 5059
7 5911
7 7424
7 5480
7 4145
7 4430
7 9705
7 8794
7 9834
7 8888
7 9940
7 1271
7 2307
7 9722
7 8647
7 2709
7 9068
7 1538
7 9483
7 7376
7 2868
7 8636
7 1733
7 912
7 3178
7 5954
7 8454
7 5391
7 8453
7 9029
7 3392
7 6562
7 3775
7 753
7 6081
7 9590
7 9539
7 1114
7 1076
7 1700
7 6398
7 2448
7 5091
7 4266
7 6023
7 1672
7 2282
7 9158
7 4814
8 7821
8 1325
8 4099
8 2728
8 6703
8 6897
8 5582
8 2015
8 4523
8 5996
8 9966
8 399
8 5175
8 5753
8 8594
8 4819
8 5909
8 2370
8 1537
8 6247
8 1016
8 3862
8 2878
8 1751
8 6617
8 7389
8 8173
8 5324
8 6670
8 2214
8 4930
8 9584
8 7649
8 170
8 8924
8 6671
8 109
8 4212
8 7448
8 6370
8 3635
8 2514
8 286
8 7153
8 6584
8 6951
8 2970
8 7211
8 9815
8 5819
8 3733
8 2071
8 9665
8 4362
8 1524
8 7077
8 2642
8 2902
8 4175
8 1083
8 9470
8 1831
8 8093
8 9299
8 9760
8 4194
8 7767
8 5048
8 4342
8 57
8 7958
8 1914
8 5468
8 2382
8 512
8 329
8 6627
8 9191
8 6916
8 6140
8 7500
8 7212
8 1435
8 8504
8 2335
8 8429
8 6688
8 8473
8 4465
8 1958
8 352
8 8916
8 4569
8 7791
8 8835
8 5320
8 8433
8 718
8 7394
8 4383
9 606
9 8341
9 295
9 9142
9 9268
9 2012
9 8325
9 2800
9 7735
9 5184
9 544
9 9869
9 3338
9 2861
9 4591
9 6567
9 2375
9 1290
9 1230
9 8303
9 7128
9 9576
9 1829
9 3011
9 3153
9 955
9 4553
9 2424
9 5204
9 7741
9 4993
9 9488
9 7846
9 1592
9 1200
9 2563
9 7561
9 1333
9 3631
9 5752
9 7148
9 6000
9 9885
9 8324
9 9733
9 2504
9 5502
9 9042
9 3798
9 2187
9 7857
9 5179
9 950
9 5612
9 9263
9 2733
9 3767
9 6830
9 5211
9 4503
9 1053
9 7278
9 1355
9 3586
9 9694
9 4454
9 1978
9 4204
9 5071
9 6836
9 766
9 6360
9 6878
9 3412
9 6609
9 1849
9 842
9 5919
9 5983
9 9964
9 71
9 5418
9 6451
9 7878
9 6254
9 5942
9 8154
9 9650
9 8802
9 8538
9 8578
9 1908
9 5271
9 8047
9 7395
9 4375
9 9413
9 2927
9 8900
9 6481
